产品名字,产品型号,产品价格,产品以前价格,产品颜色,产品尺寸,产品详情,产品图片,产品位置,适合人群,产品页面编号,产品url
goods_name,goods_model,goods_price,goods_discount_price,goods_color,goods_size,goods_details,goods_images,goods_num,gender,goods_page,goods_url
Downbeat Beanie,100030144S-Yellow,$22.0,$0,Yellow,['One Size'],"['Medium height cuffed beanie', '100% Acrylic']","['https://cdn.shopify.com/s/files/1/0832/5243/products/100030142_YEL_1.jpg?v=1542306393', 'https://cdn.shopify.com/s/files/1/0832/5243/products/100030142_YEL_2.jpg?v=1542306393']",1,men,1,https://obeyclothing.com/products/downbeat-beanie?variant=13377542684733
Downbeat Beanie,100030144S-Black,$22.0,$0,Black,['One Size'],"['Medium height cuffed beanie', '100% Acrylic']","['https://cdn.shopify.com/s/files/1/0832/5243/products/100030142_BLK_1.jpg?v=1542306393', 'https://cdn.shopify.com/s/files/1/0832/5243/products/100030142_BLK_2.jpg?v=1542306393']",1,men,1,https://obeyclothing.com/products/downbeat-beanie?variant=13377541275709
Subversion Beanie,100030118-Tapenade,$22.0,$0,Tapenade,['One Size'],"['Medium height cuffed beanie', '100% Acrylic']","['https://cdn.shopify.com/s/files/1/0832/5243/products/100030118_TAP_1.jpg?v=1542306488', 'https://cdn.shopify.com/s/files/1/0832/5243/products/100030118_TAP_2.jpg?v=1542306494']",2,men,1,https://obeyclothing.com/products/subversion-beanie?variant=13377539997757
Hangman Beanie,100030102-Mauve,$22.0,$0,Mauve,['O/S'],"['Extra shallow cuffed beanie', 'Rib knit construction', 'Direct logo embroidery', '100% Acrylic']","['https://cdn.shopify.com/s/files/1/0832/5243/products/100030102_MAV_1.jpg?v=1539646133', 'https://cdn.shopify.com/s/files/1/0832/5243/products/100030102_MAV_2.jpg?v=1539646138']",3,men,1,https://obeyclothing.com/products/hangman-beanie?variant=13066926981181
Hangman Beanie,100030102-Picante,$22.0,$0,Picante,['O/S'],"['Extra shallow cuffed beanie', 'Rib knit construction', 'Direct logo embroidery', '100% Acrylic']","['https://cdn.shopify.com/s/files/1/0832/5243/products/100030102_PIC_1.jpg?v=1539646129', 'https://cdn.shopify.com/s/files/1/0832/5243/products/100030102_PIC_2.jpg?v=1539646129']",3,men,1,https://obeyclothing.com/products/hangman-beanie?variant=13033627811901
Hangman Beanie,100030102-Black,$22.0,$0,Black,['O/S'],"['Extra shallow cuffed beanie', 'Rib knit construction', 'Direct logo embroidery', '100% Acrylic']","['https://cdn.shopify.com/s/files/1/0832/5243/products/100030102_BLK_1.jpg?v=1539646129', 'https://cdn.shopify.com/s/files/1/0832/5243/products/100030102_BLK_2.jpg?v=1539646129']",3,men,1,https://obeyclothing.com/products/hangman-beanie?variant=13031177683005
Hangman Beanie,100030102-Dark Pine,$22.0,$0,Dark Pine,['O/S'],"['Extra shallow cuffed beanie', 'Rib knit construction', 'Direct logo embroidery', '100% Acrylic']","['https://cdn.shopify.com/s/files/1/0832/5243/products/100030102_PNE_1.jpg?v=1539646129', 'https://cdn.shopify.com/s/files/1/0832/5243/products/100030102_PNE_2.jpg?v=1539646129']",3,men,1,https://obeyclothing.com/products/hangman-beanie?variant=13033705373757
Hangman Beanie,100030102-Plum,$22.0,$0,Plum,['O/S'],"['Extra shallow cuffed beanie', 'Rib knit construction', 'Direct logo embroidery', '100% Acrylic']","['https://cdn.shopify.com/s/files/1/0832/5243/products/100030102_PLM_1.jpg?v=1539646129', 'https://cdn.shopify.com/s/files/1/0832/5243/products/100030102_PLM_2.jpg?v=1539646129']",3,men,1,https://obeyclothing.com/products/hangman-beanie?variant=13033674047549
Remain 6 Panel Snapback,100580164-Black,$29.0,$0,Black,['One Size'],"['Unstructured 6 panel snapback hat', 'Mid profile crown height', 'Curved visor', 'Direct logo embroidery', 'Plastic snap closure', '100% Cotton']","['https://cdn.shopify.com/s/files/1/0832/5243/products/100580164_BLK_1.jpg?v=1539795476', 'https://cdn.shopify.com/s/files/1/0832/5243/products/100580164_BLK_2.jpg?v=1539795480']",4,men,1,https://obeyclothing.com/products/obey-remain-6-panel-snapback?variant=12885758541885
Highland Strapback,100570086-Mint,$31.0,$0,Mint,['One Size'],"['Unstructured 6 panel strapback hat', 'Mid profile crown height, flat visor, and\xa0metal eyelets', 'Direct logo embroidery and self fabric strap closure', '100% Cotton']","['https://cdn.shopify.com/s/files/1/0832/5243/products/100570086_MNT_1.jpg?v=1540943388', 'https://cdn.shopify.com/s/files/1/0832/5243/products/100570086_MNT_2.jpg?v=1540943388']",5,men,1,https://obeyclothing.com/products/obey-highland-strapback?variant=12885758509117
Highland Strapback,100570086-Black,$31.0,$0,Black,['One Size'],"['Unstructured 6 panel strapback hat', 'Mid profile crown height, flat visor, and\xa0metal eyelets', 'Direct logo embroidery and self fabric strap closure', '100% Cotton']","['https://cdn.shopify.com/s/files/1/0832/5243/products/100570086_BLK_1.jpg?v=1540943388', 'https://cdn.shopify.com/s/files/1/0832/5243/products/100570086_BLK_2.jpg?v=1540943388']",5,men,1,https://obeyclothing.com/products/obey-highland-strapback?variant=12885758476349
Downbeat Snapback,100570085-Black,$29.0,$0,Black,['One Size'],"['Unstructured 5 panel snapback hat', 'Classic profile crown height with flat visor', 'Direct logo embroidery', 'Plastic snap closure', '100% Nylon']","['https://cdn.shopify.com/s/files/1/0832/5243/products/100570085_BLK_1.jpg?v=1539795021', 'https://cdn.shopify.com/s/files/1/0832/5243/products/100570085_BLK_2.jpg?v=1539795026']",6,men,1,https://obeyclothing.com/products/obey-downbeat-snapback?variant=12885758410813
Searching Snapback,100570084-Black,$29.0,$0,Black,['One Size'],"['Unstructured 5 panel snapback hat', 'Classic profile crown height with flat visor', 'Direct logo embroidery', 'Plastic snap closure', '100% Nylon']","['https://cdn.shopify.com/s/files/1/0832/5243/products/100570084_BLK_1.jpg?v=1539794845', 'https://cdn.shopify.com/s/files/1/0832/5243/products/100570084_BLK_2.jpg?v=1539794850']",7,men,1,https://obeyclothing.com/products/obey-searching-snapback?variant=12885758345277
Highland Beanie,100030137-Blue,$22.0,$0,Blue,['One Size'],"['Tall height cuffed beanie', 'Jersey knit construction with direct logo embroidery', '100% Acrylic']","['https://cdn.shopify.com/s/files/1/0832/5243/products/100030137_BLU_1.jpg?v=1539794464', 'https://cdn.shopify.com/s/files/1/0832/5243/products/100030137_BLU_2.jpg?v=1539794468']",8,men,1,https://obeyclothing.com/products/obey-highland-beanie?variant=12885758083133
Highland Beanie,100030137-Tapenade,$22.0,$0,Tapenade,['One Size'],"['Tall height cuffed beanie', 'Jersey knit construction with direct logo embroidery', '100% Acrylic']","['https://cdn.shopify.com/s/files/1/0832/5243/products/100030137_TAP_1.jpg?v=1539794477', 'https://cdn.shopify.com/s/files/1/0832/5243/products/100030137_TAP_2.jpg?v=1539794482']",8,men,1,https://obeyclothing.com/products/obey-highland-beanie?variant=12885758148669
International 6 Panel Snapback,100580160-Khaki,$29.0,$0,Khaki,['One Size'],"['Unstructured 6 panel snapback hat', 'Brushed twill hat', 'Mid profile crown height, curved visor, direct logo embroidery', 'Plastic snap closure', '100% Cotton']","['https://cdn.shopify.com/s/files/1/0832/5243/products/100580160_KHA_1.jpg?v=1539735946', 'https://cdn.shopify.com/s/files/1/0832/5243/products/100580160_KHA_2.jpg?v=1539735951']",9,men,1,https://obeyclothing.com/products/obey-international-6-panel-snapback?variant=12885756510269
Borrego Beanie,100030135-Black,$22.0,$0,Black,['One Size'],"['Tall height cuffed beanie', 'Jersey knit construction with direct logo embroidery', '100% Acrylic']","['https://cdn.shopify.com/s/files/1/0832/5243/products/100030135_BLK_1.jpg?v=1539735791', 'https://cdn.shopify.com/s/files/1/0832/5243/products/100030135_BLK_2.jpg?v=1539735796']",10,men,1,https://obeyclothing.com/products/obey-borrego-beanie?variant=12885756444733
Union Beanie,100030131-Tapenade,$22.0,$0,Tapenade,['One Size'],"['Medium height cuffed beanie', 'Features jersey knit construction with direct logo embroidery', '100% ACRYLIC']","['https://cdn.shopify.com/s/files/1/0832/5243/products/100030131_TAP_1.jpg?v=1540943463', 'https://cdn.shopify.com/s/files/1/0832/5243/products/100030131_TAP_2.jpg?v=1540943463']",11,men,1,https://obeyclothing.com/products/obey-union-beanie?variant=12885756411965
Union Beanie,100030131-Dusty Coral,$22.0,$0,Dusty Coral,['One Size'],"['Medium height cuffed beanie', 'Features jersey knit construction with direct logo embroidery', '100% ACRYLIC']","['https://cdn.shopify.com/s/files/1/0832/5243/products/100030131_DCRL_1.jpg?v=1540943463', 'https://cdn.shopify.com/s/files/1/0832/5243/products/100030131_DCRL_2.jpg?v=1540943463']",11,men,1,https://obeyclothing.com/products/obey-union-beanie?variant=12885756379197
Jumble Bar Trucker Hat,100500016-Black,$29.0,$0,Black,['One Size'],"['Structured 5 panel trucker hat', 'Classic profile crown height with flat visor, screen printed logo and plastic snap closure', '100% Polyester']","['https://cdn.shopify.com/s/files/1/0832/5243/products/100500016_BLK_1.jpg?v=1533053905', 'https://cdn.shopify.com/s/files/1/0832/5243/products/100500016_BLK_2.jpg?v=1533053910']",12,men,1,https://obeyclothing.com/products/obey-jumble-bar-trucker-hat?variant=9051231551549
Jumble Bar Trucker Hat,100500016-Pine,$29.0,$0,Pine,['One Size'],"['Structured 5 panel trucker hat', 'Classic profile crown height with flat visor, screen printed logo and plastic snap closure', '100% Polyester']","['https://cdn.shopify.com/s/files/1/0832/5243/products/100500016_PNE_1.jpg?v=1533053917', 'https://cdn.shopify.com/s/files/1/0832/5243/products/100500016_PNE_2.jpg?v=1533053922']",12,men,1,https://obeyclothing.com/products/obey-jumble-bar-trucker-hat?variant=9051231584317
International Strapback,100570081-Khaki,$31.0,$0,Khaki,['One Size'],"['Unstructured 5 panel strapback hat', 'Classic profile crown height with curved visor, direct logo embroidery, and self fabric strap closure', '100% Cotton']","['https://cdn.shopify.com/s/files/1/0832/5243/products/100570081_KHA_1.jpg?v=1533053649', 'https://cdn.shopify.com/s/files/1/0832/5243/products/100570081_KHA_2.jpg?v=1533053655']",13,men,1,https://obeyclothing.com/products/obey-international-strapback?variant=9051231453245
International Strapback,100570081-Navy,$31.0,$0,Navy,['One Size'],"['Unstructured 5 panel strapback hat', 'Classic profile crown height with curved visor, direct logo embroidery, and self fabric strap closure', '100% Cotton']","['https://cdn.shopify.com/s/files/1/0832/5243/products/100570081_NVY_1.jpg?v=1533074986', 'https://cdn.shopify.com/s/files/1/0832/5243/products/100570081_NVY_2.jpg?v=1533074993']",13,men,1,https://obeyclothing.com/products/obey-international-strapback?variant=9051231486013
Remain Snapback,100570080-Black,$29.0,$0,Black,['One Size'],"['Unstructured 5 panel snapback hat', 'Classic profile crown height with flat visor, direct logo embroidery, and plastic snap closure', '100% Cotton']","['https://cdn.shopify.com/s/files/1/0832/5243/products/100570080_BLK_1.jpg?v=1533055439', 'https://cdn.shopify.com/s/files/1/0832/5243/products/100570080_BLK_2.jpg?v=1533055447']",14,men,1,https://obeyclothing.com/products/obey-remain-snapback?variant=9051231223869
Study Beanie,100030140-Checker,$22.0,$0,Checker,['One Size'],"['Tall height cuffed beanie', 'Features custom jacquard knit construction with logo woven label patch', '100% Acrylic']","['https://cdn.shopify.com/s/files/1/0832/5243/products/100030140_CHK_1.jpg?v=1533055887', 'https://cdn.shopify.com/s/files/1/0832/5243/products/100030140_CHK_2.jpg?v=1533055892']",15,men,1,https://obeyclothing.com/products/obey-study-beanie?variant=9051231060029
Study Beanie,100030140-Drip Camo,$22.0,$0,Drip Camo,['One Size'],"['Tall height cuffed beanie', 'Features custom jacquard knit construction with logo woven label patch', '100% Acrylic']","['https://cdn.shopify.com/s/files/1/0832/5243/products/100030140_DRP_1.jpg?v=1533055900', 'https://cdn.shopify.com/s/files/1/0832/5243/products/100030140_DRP_2.jpg?v=1533055905']",15,men,1,https://obeyclothing.com/products/obey-study-beanie?variant=9051231092797
Dayton Bucket Hat,100520016-Khaki Multi,$31.0,$0,Khaki Multi,['One Size'],"['Classic fit three panel bucket hat', 'Flat two piece visor', 'Direct logo embroidery embellishment at front panel of hat', '100% Cotton']","['https://cdn.shopify.com/s/files/1/0832/5243/products/100520016_KHA_1.jpg?v=1533052989', 'https://cdn.shopify.com/s/files/1/0832/5243/products/100520016_KHA_2.jpg?v=1533052995']",16,men,1,https://obeyclothing.com/products/obey-dayton-bucket-hat?variant=9051231158333
Jungle Beanie,100030139-Dusty Yellow,$22.0,$0,Dusty Yellow,['One Size'],"['Medium height', 'Cuffed beanie', 'Features rib knit construction with direct logo embroidery', '100% Acrylic']","['https://cdn.shopify.com/s/files/1/0832/5243/products/100030139_YEL_1.jpg?v=1542043025', 'https://cdn.shopify.com/s/files/1/0832/5243/products/100030139_YEL_2.jpg?v=1542043025']",17,men,1,https://obeyclothing.com/products/obey-jungle-beanie?variant=9051231027261
Jungle Beanie,100030139-Orange,$22.0,$0,Orange,['One Size'],"['Medium height', 'Cuffed beanie', 'Features rib knit construction with direct logo embroidery', '100% Acrylic']","['https://cdn.shopify.com/s/files/1/0832/5243/products/100030139_ORG_1.jpg?v=1542043025', 'https://cdn.shopify.com/s/files/1/0832/5243/products/100030139_ORG_2.jpg?v=1542043025']",17,men,1,https://obeyclothing.com/products/obey-jungle-beanie?variant=13066943430717
Jungle Beanie,100030139-Black,$22.0,$0,Black,['One Size'],"['Medium height', 'Cuffed beanie', 'Features rib knit construction with direct logo embroidery', '100% Acrylic']","['https://cdn.shopify.com/s/files/1/0832/5243/products/100030139_BLK_1.jpg?v=1542043025', 'https://cdn.shopify.com/s/files/1/0832/5243/products/100030139_BLK_2.jpg?v=1542043025']",17,men,1,https://obeyclothing.com/products/obey-jungle-beanie?variant=9051230961725
Jungle Beanie,100030139-Dark Teal,$22.0,$0,Dark Teal,['One Size'],"['Medium height', 'Cuffed beanie', 'Features rib knit construction with direct logo embroidery', '100% Acrylic']","['https://cdn.shopify.com/s/files/1/0832/5243/products/100030139_DTL_1.jpg?v=1542043025', 'https://cdn.shopify.com/s/files/1/0832/5243/products/100030139_DTL_2.jpg?v=1542043025']",17,men,1,https://obeyclothing.com/products/obey-jungle-beanie?variant=9051230994493
Highland Stripe Beanie,100030138-Picante Multi,$22.0,$0,Picante Multi,['One Size'],"['Tall height', 'Cuffed beanie features yarn-dyed stripe jersey knit construction', 'Direct logo embroidery', '100% Acrylic']","['https://cdn.shopify.com/s/files/1/0832/5243/products/100030138_PIC_1.jpg?v=1540943500', 'https://cdn.shopify.com/s/files/1/0832/5243/products/100030138_PIC_2.jpg?v=1540943500']",18,men,1,https://obeyclothing.com/products/obey-highland-stripe-beanie?variant=9051230896189
Highland Stripe Beanie,100030138-Dark Teal Multi,$22.0,$0,Dark Teal Multi,['One Size'],"['Tall height', 'Cuffed beanie features yarn-dyed stripe jersey knit construction', 'Direct logo embroidery', '100% Acrylic']","['https://cdn.shopify.com/s/files/1/0832/5243/products/100030138_DTL_1.jpg?v=1540943500', 'https://cdn.shopify.com/s/files/1/0832/5243/products/100030138_DTL_2.jpg?v=1540943500']",18,men,1,https://obeyclothing.com/products/obey-highland-stripe-beanie?variant=9051230863421
Dayton 6 Panel Hat,100580163-Khaki Multi,$26.0,$0,Khaki Multi,['One Size'],"['Unstructured 6 panel strapback hat', 'Yarn-dyed plaid hat with low profile crown height, curved visor, direct logo embroidery and self fabric strap closure', '100% Cotton']","['https://cdn.shopify.com/s/files/1/0832/5243/products/100580163_KHA_1.jpg?v=1533052880', 'https://cdn.shopify.com/s/files/1/0832/5243/products/100580163_KHA_2.jpg?v=1533052886']",19,men,1,https://obeyclothing.com/products/obey-dayton-6-panel-hat?variant=9051230732349
Dayton 6 Panel Hat,100580163-Red Multi,$26.0,$0,Red Multi,['One Size'],"['Unstructured 6 panel strapback hat', 'Yarn-dyed plaid hat with low profile crown height, curved visor, direct logo embroidery and self fabric strap closure', '100% Cotton']","['https://cdn.shopify.com/s/files/1/0832/5243/products/100580163_RDM_1.jpg?v=1539646609', 'https://cdn.shopify.com/s/files/1/0832/5243/products/100580163_RDM_2.jpg?v=1539646614']",19,men,1,https://obeyclothing.com/products/obey-dayton-6-panel-hat?variant=13066979147837
Eighty Nine 6 Panel Hat III,100580162-Pine,$29.0,$0,Pine,['One Size'],"['Unstructured 6 panel strapback hat', 'Low profile crown height with curved visor, half face patch and self fabric strap closure', '100% cotton']","['https://cdn.shopify.com/s/files/1/0832/5243/products/100580162_PNE_1.jpg?v=1533053127', 'https://cdn.shopify.com/s/files/1/0832/5243/products/100580162_PNE_2.jpg?v=1533053132']",20,men,1,https://obeyclothing.com/products/obey-eighty-nine-6-panel-hat-iii?variant=9051230699581
Slapper 6 Panel Snapback,100580161-Black,$29.0,$0,Black,['One Size'],"['Unstructured 6 panel snapback hat', 'Brushed twill hat with mid profile crown height, curved visor, direct logo embroidery, and plastic snap closure', '100%\xa0Cotton']","['https://cdn.shopify.com/s/files/1/0832/5243/products/100580161_BLK_1.jpg?v=1533055737', 'https://cdn.shopify.com/s/files/1/0832/5243/products/100580161_BLK_2.jpg?v=1533055763']",21,men,1,https://obeyclothing.com/products/obey-slapper-6-panel-snapback?variant=9051230666813
Runnin Trucker Hat,100500014-Safety Green,$26.0,$0,Safety Green,['One Size'],"['Poly / Cotton twill 6 panel trucker hat', 'Direct embroidery', 'Plastic snap closure', 'Woven flag label', '65% Cotton / 35% Polyester']","['https://cdn.shopify.com/s/files/1/0832/5243/products/100500014_GRN_1.jpg?v=1525292481', 'https://cdn.shopify.com/s/files/1/0832/5243/products/100500014_GRN_2.jpg?v=1525292486']",22,men,1,https://obeyclothing.com/products/obey-runnin-trucker-hat?variant=2935530717194
Worldwide Propaganda II Snapback,100570073-Black,$29.0,$0,Black,['One Size'],"['Cotton twill 5 panel snapback', 'Direct embroidery', 'Plastic snap closure', 'Woven flag label', '100% Cotton']","['https://cdn.shopify.com/s/files/1/0832/5243/products/100570073_BLK_1.jpg?v=1525286786', 'https://cdn.shopify.com/s/files/1/0832/5243/products/100570073_BLK_2.jpg?v=1525286786']",23,men,1,https://obeyclothing.com/products/obey-worldwide-propaganda-ii-snapback?variant=2935530160138
Worldwide Propaganda II Snapback,100570073-Navy,$29.0,$0,Navy,['One Size'],"['Cotton twill 5 panel snapback', 'Direct embroidery', 'Plastic snap closure', 'Woven flag label', '100% Cotton']","['https://cdn.shopify.com/s/files/1/0832/5243/products/100570073_NVY_1.jpg?v=1525286786', 'https://cdn.shopify.com/s/files/1/0832/5243/products/100570073_NVY_2.jpg?v=1525286786']",23,men,1,https://obeyclothing.com/products/obey-worldwide-propaganda-ii-snapback?variant=2935530192906
Out There Snapback,100570076-White,$29.0,$0,White,['One Size'],"['Cotton twill 5 panel snapback', 'Custom screen print', 'Plastic snap closure', 'Woven flag label', '100% Cotton']","['https://cdn.shopify.com/s/files/1/0832/5243/products/100570076_WHT_1.jpg?v=1526422845', 'https://cdn.shopify.com/s/files/1/0832/5243/products/100570076_WHT_2.jpg?v=1526422845']",24,men,1,https://obeyclothing.com/products/obey-out-there-snapback?variant=2935530323978
Out There Snapback,100570076-Black,$29.0,$0,Black,['One Size'],"['Cotton twill 5 panel snapback', 'Custom screen print', 'Plastic snap closure', 'Woven flag label', '100% Cotton']","['https://cdn.shopify.com/s/files/1/0832/5243/products/100570076_BLK_1.jpg?v=1526422845', 'https://cdn.shopify.com/s/files/1/0832/5243/products/100570076_BLK_2.jpg?v=1526422845']",24,men,1,https://obeyclothing.com/products/obey-out-there-snapback?variant=2935530291210
Burden Snapback,100570074-Black,$29.0,$0,Black,['One Size'],"['Cotton twill 5 panel snapback', 'Embroidered patch', 'Plastic snap closure', 'Woven flag label', '100% Cotton']","['https://cdn.shopify.com/s/files/1/0832/5243/products/100570074_BLK_1.jpg?v=1525286907', 'https://cdn.shopify.com/s/files/1/0832/5243/products/100570074_BLK_2.jpg?v=1525286912']",25,men,1,https://obeyclothing.com/products/obey-burden-snapback?variant=2935530258442
Classic Patch Snapback,100510054-Black,$26.0,$0,Black,['One Size'],"['Cotton / polyester twill 6 panel snapback', 'Embroidered patch', 'Plastic snap closure', 'Woven flag label', '60% Cotton / 40% Polyester']","['https://cdn.shopify.com/s/files/1/0832/5243/products/100510054_BLK_1.jpg?v=1525286549', 'https://cdn.shopify.com/s/files/1/0832/5243/products/100510054_BLK_2.jpg?v=1525286555']",26,men,1,https://obeyclothing.com/products/obey-classic-patch-snapback?variant=2935530029066
Classic Patch Snapback,100510054-Burgundy,$26.0,$0,Burgundy,['One Size'],"['Cotton / polyester twill 6 panel snapback', 'Embroidered patch', 'Plastic snap closure', 'Woven flag label', '60% Cotton / 40% Polyester']","['https://cdn.shopify.com/s/files/1/0832/5243/products/100510054_BUR_1.jpg?v=1525286566', 'https://cdn.shopify.com/s/files/1/0832/5243/products/100510054_BUR_2.jpg?v=1525286571']",26,men,1,https://obeyclothing.com/products/obey-classic-patch-snapback?variant=2935530061834
Classic Patch Snapback,100510054-Olive,$26.0,$0,Olive,['One Size'],"['Cotton / polyester twill 6 panel snapback', 'Embroidered patch', 'Plastic snap closure', 'Woven flag label', '60% Cotton / 40% Polyester']","['https://cdn.shopify.com/s/files/1/0832/5243/products/100510054_OLV_1.jpg?v=1525286580', 'https://cdn.shopify.com/s/files/1/0832/5243/products/100510054_OLV_2.jpg?v=1525286585']",26,men,1,https://obeyclothing.com/products/obey-classic-patch-snapback?variant=2935530094602
Respect Bucket Hat,100520014-Coral,$31.0,$0,Coral,['One Size'],"['Washed cotton twill bucket hat', 'Direct embroidery', '100% Cotton']","['https://cdn.shopify.com/s/files/1/0832/5243/products/100520014_CRL_1.jpg?v=1525111275', 'https://cdn.shopify.com/s/files/1/0832/5243/products/100520014_CRL_2.jpg?v=1525111279']",27,men,1,https://obeyclothing.com/products/obey-respect-bucket-hat?variant=2935529963530
Respect Bucket Hat,100520014-Natural,$31.0,$0,Natural,['One Size'],"['Washed cotton twill bucket hat', 'Direct embroidery', '100% Cotton']","['https://cdn.shopify.com/s/files/1/0832/5243/products/100520014_NAT_1.jpg?v=1525111461', 'https://cdn.shopify.com/s/files/1/0832/5243/products/100520014_NAT_2.jpg?v=1525111469']",27,men,1,https://obeyclothing.com/products/obey-respect-bucket-hat?variant=2935529996298
Maxin' 6 Panel Hat,100580144-Magenta,$26.0,$0,Magenta,['One Size'],"['Nylon taslan 6 panel snapback', 'Direct embroidery', 'Plastic snap closure', 'Woven flag label', '100% Nylon']","['https://cdn.shopify.com/s/files/1/0832/5243/products/100580144_MAG_1.jpg?v=1525111092', 'https://cdn.shopify.com/s/files/1/0832/5243/products/100580144_MAG_2.jpg?v=1525111098']",28,men,1,https://obeyclothing.com/products/obey-maxin-6-panel-hat?variant=2935529897994
Rosa 6 Panel Snapback,100580134-Light Denim,$26.0,$0,Light Denim,['One Size'],"['Washed cotton canvas 6 panel snapback', 'Direct embroidery', 'Plastic snap closure', 'Woven flag label', '100% Cotton']","['https://cdn.shopify.com/s/files/1/0832/5243/products/100580134_DEN_1.jpg?v=1526401399', 'https://cdn.shopify.com/s/files/1/0832/5243/products/100580134_DEN_2.jpg?v=1526401406']",29,men,1,https://obeyclothing.com/products/obey-rosa-6-panel-snapback?variant=2935529701386
Rosa 6 Panel Snapback,100580134-Mint,$26.0,$0,Mint,['One Size'],"['Washed cotton canvas 6 panel snapback', 'Direct embroidery', 'Plastic snap closure', 'Woven flag label', '100% Cotton']","['https://cdn.shopify.com/s/files/1/0832/5243/products/100580134_MNT_1.jpg?v=1526401389', 'https://cdn.shopify.com/s/files/1/0832/5243/products/100580134_MNT_2.jpg?v=1526401389']",29,men,1,https://obeyclothing.com/products/obey-rosa-6-panel-snapback?variant=2935529734154
Subversion 6 Panel Snapback,100580086-Royal,$29.0,$0,Royal,['One Size'],"['Brushed cotton twill low profile 6 panel hat', 'Direct embroidery', 'Plastic snap closure', 'Woven flag label', '100% Cotton']","['https://cdn.shopify.com/s/files/1/0832/5243/products/100580086_RYL_1.jpg?v=1525110155', 'https://cdn.shopify.com/s/files/1/0832/5243/products/100580086_RYL_2.jpg?v=1525110161']",30,men,1,https://obeyclothing.com/products/obey-subversion-6-panel-snapback?variant=2935529111562
90's Jumble 6 Panel Snapback,100580076-Bone Brown Black,$29.0,$0,Bone Brown Black,['One Size'],"['Brushed cotton twill low profile 6 panel hat', 'Direct embroidery\xa0', 'Removable pin back button', 'Plastic snap closure', 'Woven flag label', '100% Cotton']","['https://cdn.shopify.com/s/files/1/0832/5243/products/100580076_BON_1.jpg?v=1532997056', 'https://cdn.shopify.com/s/files/1/0832/5243/products/100580076_BON_2.jpg?v=1532997063']",31,men,1,https://obeyclothing.com/products/obey-90s-jumble-6-panel-snapback?variant=12428902498365
90's Jumble 6 Panel Snapback,100580076-Picante Black,$29.0,$0,Picante Black,['One Size'],"['Brushed cotton twill low profile 6 panel hat', 'Direct embroidery\xa0', 'Removable pin back button', 'Plastic snap closure', 'Woven flag label', '100% Cotton']","['https://cdn.shopify.com/s/files/1/0832/5243/products/100580076_PIC_1.jpg?v=1532997077', 'https://cdn.shopify.com/s/files/1/0832/5243/products/100580076_PIC_2.jpg?v=1532997083']",31,men,1,https://obeyclothing.com/products/obey-90s-jumble-6-panel-snapback?variant=12428908888125
90's Jumble 6 Panel Snapback,100580076-Rose Royal,$29.0,$0,Rose Royal,['One Size'],"['Brushed cotton twill low profile 6 panel hat', 'Direct embroidery\xa0', 'Removable pin back button', 'Plastic snap closure', 'Woven flag label', '100% Cotton']",['https://cdn.shopify.com/s/files/1/0832/5243/products/100580076_ROS_1.jpg?v=1532997013'],31,men,1,https://obeyclothing.com/products/obey-90s-jumble-6-panel-snapback?variant=2935529046026
90's Jumble 6 Panel Snapback,100580076-Teal Black,$29.0,$0,Teal Black,['One Size'],"['Brushed cotton twill low profile 6 panel hat', 'Direct embroidery\xa0', 'Removable pin back button', 'Plastic snap closure', 'Woven flag label', '100% Cotton']","['https://cdn.shopify.com/s/files/1/0832/5243/products/100580076_DTL_1.jpg?v=1532997013', 'https://cdn.shopify.com/s/files/1/0832/5243/products/100580076_DTL_2.jpg?v=1532997013']",31,men,1,https://obeyclothing.com/products/obey-90s-jumble-6-panel-snapback?variant=2935529078794
OBEY x Misfits Fiend Club Beanie,100030129-Black,$22.0,$0,Black,['One Size'],"['LIMITED RELEASE', 'Fine knit beanie', 'Shallow fit', 'Direct embroidery', '100% Acrylic']",['https://cdn.shopify.com/s/files/1/0832/5243/products/100030129_BLK_1.jpg?v=1521740277'],32,men,1,https://obeyclothing.com/products/obey-x-misfits-fiend-club-beanie?variant=2756084826122
Vista Trucker,100500012-Red,$29.0,$0,Red,['One Size'],"['Cotton twill trucker hat', 'Direct embroidery', 'Plastic snap closure', '100% Cotton']","['https://cdn.shopify.com/s/files/1/0832/5243/products/OBEY_Vista_Trucker_Red_100500012_RED_1.jpg?v=1516651466', 'https://cdn.shopify.com/s/files/1/0832/5243/products/OBEY_Vista_Trucker_Red_100500012_RED_2.jpg?v=1516651471']",33,men,1,https://obeyclothing.com/products/obey-vista-trucker?variant=1759480643594
Vista Trucker,100500012-Gold,$29.0,$0,Gold,['One Size'],"['Cotton twill trucker hat', 'Direct embroidery', 'Plastic snap closure', '100% Cotton']","['https://cdn.shopify.com/s/files/1/0832/5243/products/100500012_GLD_1.jpg?v=1525292358', 'https://cdn.shopify.com/s/files/1/0832/5243/products/100500012_GLD_2.jpg?v=1525292363']",33,men,1,https://obeyclothing.com/products/obey-vista-trucker?variant=8110122139767
Shout Snapback,100570066-Orange,$29.0,$0,Orange,['One Size'],"['Cotton / polyester twill 5 panel snapback', 'Woven patch label', 'Plastic snap closure', '60% Cotton / 40% Polyester']","['https://cdn.shopify.com/s/files/1/0832/5243/products/OBEY_Shout_Snapback_Orange_100570066_ORG_1.jpg?v=1518032984', 'https://cdn.shopify.com/s/files/1/0832/5243/products/OBEY_Shout_Snapback_Orange_100570066_ORG_2.jpg?v=1518032984']",34,men,1,https://obeyclothing.com/products/obey-shout-snapback?variant=1759480610826
Shout Snapback,100570066-Black,$29.0,$0,Black,['One Size'],"['Cotton / polyester twill 5 panel snapback', 'Woven patch label', 'Plastic snap closure', '60% Cotton / 40% Polyester']","['https://cdn.shopify.com/s/files/1/0832/5243/products/OBEY_Shout_Snapback_Black_100570066_BLK_1.jpg?v=1518032984', 'https://cdn.shopify.com/s/files/1/0832/5243/products/OBEY_Shout_Snapback_Black_100570066_BLK_2.jpg?v=1518032984']",34,men,1,https://obeyclothing.com/products/obey-shout-snapback?variant=1759480578058
Outline 6 Panel Snapback,100580126-Natural,$29.0,$0,Natural,['One Size'],"['Brushed cotton twill low profile 6 panel hat', 'Direct embroidery', 'Plastic snap closure', 'Woven flag label', '100% Cotton']","['https://cdn.shopify.com/s/files/1/0832/5243/products/100580126_NAT_1.jpg?v=1525110320', 'https://cdn.shopify.com/s/files/1/0832/5243/products/100580126_NAT_2.jpg?v=1525110325']",35,men,1,https://obeyclothing.com/products/obey-outline-6-panel-snapback?variant=2935529472010
Resist 6 Panel,100580133-Field Orange Camo,$26.0,$0,Field Orange Camo,['One Size'],"['Poly / Cotton twill 6 panel snapback', 'Woven label patch', 'Plastic snap closure', '65% Cotton / 35% Polyester']","['https://cdn.shopify.com/s/files/1/0832/5243/products/OBEY_Resist_6_Panel_Field_Orange_Camo_100580133_ORG_1.jpg?v=1518033031', 'https://cdn.shopify.com/s/files/1/0832/5243/products/OBEY_Resist_6_Panel_Field_Orange_Camo_100580133_ORG_2.jpg?v=1518033031']",36,men,1,https://obeyclothing.com/products/obey-resist-6-panel?variant=1759480217610
Resist 6 Panel,100580133-Field Camo,$26.0,$0,Field Camo,['One Size'],"['Poly / Cotton twill 6 panel snapback', 'Woven label patch', 'Plastic snap closure', '65% Cotton / 35% Polyester']","['https://cdn.shopify.com/s/files/1/0832/5243/products/OBEY_Resist_6_Panel_Field_Camo_100580133_FCA_1.jpg?v=1518033031', 'https://cdn.shopify.com/s/files/1/0832/5243/products/OBEY_Resist_6_Panel_Field_Camo_100580133_FCA_2.jpg?v=1518033031']",36,men,1,https://obeyclothing.com/products/obey-resist-6-panel?variant=1759480184842
Micro Beanie,100030125-Black,$22.0,$0,Black,['One Size'],"['Chunky knit extra shallow cuff beanie', 'Comes with removable metal pin', '100% Acrylic']","['https://cdn.shopify.com/s/files/1/0832/5243/products/100030125_BLK_1.jpg?v=1542305222', 'https://cdn.shopify.com/s/files/1/0832/5243/products/100030125_BLK_2.jpg?v=1542305222']",37,men,1,https://obeyclothing.com/products/obey-micro-beanie?variant=49688673994
Micro Beanie,100030125-Tapenade,$22.0,$0,Tapenade,['One Size'],"['Chunky knit extra shallow cuff beanie', 'Comes with removable metal pin', '100% Acrylic']","['https://cdn.shopify.com/s/files/1/0832/5243/products/100030125_TAP_1.jpg?v=1542305222', 'https://cdn.shopify.com/s/files/1/0832/5243/products/100030125_TAP_2.jpg?v=1542305222']",37,men,1,https://obeyclothing.com/products/obey-micro-beanie?variant=12428376801341
Micro Beanie,100030125-White,$22.0,$0,White,['One Size'],"['Chunky knit extra shallow cuff beanie', 'Comes with removable metal pin', '100% Acrylic']","['https://cdn.shopify.com/s/files/1/0832/5243/products/100030125_TEA_1.jpg?v=1542305222', 'https://cdn.shopify.com/s/files/1/0832/5243/products/100030125_TEA_2.jpg?v=1542305222']",37,men,1,https://obeyclothing.com/products/obey-micro-beanie?variant=12428378538045
Tailgate Beanie,100030121-Navy,$22.0,$0,Navy,['One Size'],"['Chunky knit cuff beanie', 'Jacquard logo', '100% Acrylic']","['https://cdn.shopify.com/s/files/1/0832/5243/products/100030121_NVY_1.jpg?v=1508196910', 'https://cdn.shopify.com/s/files/1/0832/5243/products/100030121_NVY_2.jpg?v=1508196918']",38,men,1,https://obeyclothing.com/products/obey-tailgate-beanie?variant=49688672778
Churchill Beanie,100030120-Dusty Rose,$22.0,$0,Dusty Rose,['One Size'],"['2X2 rib knit beanie', 'OBEY custom woven label', '100% Acrylic']","['https://cdn.shopify.com/s/files/1/0832/5243/products/100030120_DSR_1.jpg?v=1532997370', 'https://cdn.shopify.com/s/files/1/0832/5243/products/100030120_DSR_2.jpg?v=1532997378']",39,men,1,https://obeyclothing.com/products/obey-churchill-beanie?variant=12428939231293
Churchill Beanie,100030120-Faded Rose,$22.0,$0,Faded Rose,['One Size'],"['2X2 rib knit beanie', 'OBEY custom woven label', '100% Acrylic']","['https://cdn.shopify.com/s/files/1/0832/5243/products/100030120_ROS_1.jpg?v=1532997360', 'https://cdn.shopify.com/s/files/1/0832/5243/products/100030120_ROS_2.jpg?v=1532997360']",39,men,1,https://obeyclothing.com/products/obey-churchill-beanie?variant=49688672522
Churchill Beanie,100030120-Amber,$22.0,$0,Amber,['One Size'],"['2X2 rib knit beanie', 'OBEY custom woven label', '100% Acrylic']","['https://cdn.shopify.com/s/files/1/0832/5243/products/100030120_AMB_1.jpg?v=1532997360', 'https://cdn.shopify.com/s/files/1/0832/5243/products/100030120_AMB_2.jpg?v=1532997360']",39,men,1,https://obeyclothing.com/products/obey-churchill-beanie?variant=49688672394
Churchill Beanie,100030120-Black,$22.0,$0,Black,['One Size'],"['2X2 rib knit beanie', 'OBEY custom woven label', '100% Acrylic']","['https://cdn.shopify.com/s/files/1/0832/5243/products/100030120_BLK_1.jpg?v=1532997360', 'https://cdn.shopify.com/s/files/1/0832/5243/products/100030120_BLK_2.jpg?v=1532997360']",39,men,1,https://obeyclothing.com/products/obey-churchill-beanie?variant=49688672458
Elden Hat,100140435-Navy,$29.0,$0,Navy,['One Size'],"['Custom “FLEXFIT” construction', 'Stretch twill 6 panel hat', 'Embroidery', '98% Cotton 2% Spandex']","['https://cdn.shopify.com/s/files/1/0832/5243/products/100140435_NVY_1.jpg?v=1500494674', 'https://cdn.shopify.com/s/files/1/0832/5243/products/100140435_NVY_2.jpg?v=1500494674']",40,men,1,https://obeyclothing.com/products/obey-elden-flexfit-hat?variant=41059410122
Elden Hat,100140435-Black,$29.0,$0,Black,['One Size'],"['Custom “FLEXFIT” construction', 'Stretch twill 6 panel hat', 'Embroidery', '98% Cotton 2% Spandex']","['https://cdn.shopify.com/s/files/1/0832/5243/products/100140435_BLK_1.jpg?v=1500494674', 'https://cdn.shopify.com/s/files/1/0832/5243/products/100140435_BLK_2.jpg?v=1500494674']",40,men,1,https://obeyclothing.com/products/obey-elden-flexfit-hat?variant=41059410058
Elden Hat,100140435-Army,$29.0,$0,Army,['One Size'],"['Custom “FLEXFIT” construction', 'Stretch twill 6 panel hat', 'Embroidery', '98% Cotton 2% Spandex']","['https://cdn.shopify.com/s/files/1/0832/5243/products/100140435_ARM_1.jpg?v=1518035907', 'https://cdn.shopify.com/s/files/1/0832/5243/products/100140435_ARM_2.jpg?v=1518035912']",40,men,1,https://obeyclothing.com/products/obey-elden-flexfit-hat?variant=464059236362
Times Beanie,100030091-Eggplant,$22.0,$0,Eggplant,['One Size'],"['Fine knit beanie', 'Shallow fit', 'Direct embroidery', '100% Acrylic']","['https://cdn.shopify.com/s/files/1/0832/5243/products/100030091_EGG_1.jpg?v=1500339932', 'https://cdn.shopify.com/s/files/1/0832/5243/products/100030091_EGG_2.jpg?v=1500339937']",41,men,1,https://obeyclothing.com/products/obey-times-beanie?variant=41059408970
Times Beanie,100030091-Heather Grey,$22.0,$0,Heather Grey,['One Size'],"['Fine knit beanie', 'Shallow fit', 'Direct embroidery', '100% Acrylic']","['https://cdn.shopify.com/s/files/1/0832/5243/products/100030091_HEA_1.jpg?v=1500339959', 'https://cdn.shopify.com/s/files/1/0832/5243/products/100030091_HEA_2.jpg?v=1500339963']",41,men,1,https://obeyclothing.com/products/obey-times-beanie?variant=41059409034
Times Beanie,100030091-Black,$22.0,$0,Black,['One Size'],"['Fine knit beanie', 'Shallow fit', 'Direct embroidery', '100% Acrylic']","['https://cdn.shopify.com/s/files/1/0832/5243/products/100030091_TEA_1.jpg?v=1508196579', 'https://cdn.shopify.com/s/files/1/0832/5243/products/100030091_TEA_2.jpg?v=1508196585']",41,men,1,https://obeyclothing.com/products/obey-times-beanie?variant=445841178634
Times Beanie,100030091-Deep Teal,$22.0,$0,Deep Teal,['One Size'],"['Fine knit beanie', 'Shallow fit', 'Direct embroidery', '100% Acrylic']","['https://cdn.shopify.com/s/files/1/0832/5243/products/100030091_BLK_1.jpg?v=1518035686', 'https://cdn.shopify.com/s/files/1/0832/5243/products/100030091_BLK_2.jpg?v=1518035691']",41,men,1,https://obeyclothing.com/products/obey-times-beanie?variant=445843537930
Ruger 89 Beanie,100030086-Heather Grey,$22.0,$0,Heather Grey,['One Size'],"['Loose knit beanie', 'Roll cuff and Obey label', '100% Acrylic']",['https://cdn.shopify.com/s/files/1/0832/5243/products/100030086_HEA_1_large_ffba7916-e97b-43ba-9198-f6c7845cabf8.jpg?v=1519781275'],42,men,1,https://obeyclothing.com/products/obey-ruger-89-beanie?variant=44921479818
Ruger 89 Beanie,100030086-Black,$22.0,$0,Black,['One Size'],"['Loose knit beanie', 'Roll cuff and Obey label', '100% Acrylic']","['https://cdn.shopify.com/s/files/1/0832/5243/products/100030086_WHT_1.jpg?v=1519781275', 'https://cdn.shopify.com/s/files/1/0832/5243/products/100030086_WHT_2.jpg?v=1519781275', 'https://cdn.shopify.com/s/files/1/0832/5243/products/100030086_WHT_1_f4d878f8-266a-4a2b-b132-a02ef94394fe.jpg?v=1519781275', 'https://cdn.shopify.com/s/files/1/0832/5243/products/100030086_WHT_2_629112cc-902d-42e0-a3ff-c6abe90bf9db.jpg?v=1519781275']",42,men,1,https://obeyclothing.com/products/obey-ruger-89-beanie?variant=44921476362
Ruger 89 Beanie,100030086-Navy,$22.0,$0,Navy,['One Size'],"['Loose knit beanie', 'Roll cuff and Obey label', '100% Acrylic']","['https://cdn.shopify.com/s/files/1/0832/5243/products/100030086_BUR_1.jpg?v=1519781275', 'https://cdn.shopify.com/s/files/1/0832/5243/products/100030086_BUR_2.jpg?v=1519781275']",42,men,1,https://obeyclothing.com/products/obey-ruger-89-beanie?variant=41059408522
Ruger 89 Beanie,100030086-Burgundy,$22.0,$0,Burgundy,['One Size'],"['Loose knit beanie', 'Roll cuff and Obey label', '100% Acrylic']","['https://cdn.shopify.com/s/files/1/0832/5243/products/100030086_NVY_1-2.jpg?v=1519781275', 'https://cdn.shopify.com/s/files/1/0832/5243/products/100030086_NVY_2.jpg?v=1511975899']",42,men,1,https://obeyclothing.com/products/obey-ruger-89-beanie?variant=41059408586
Eighty Nine Beanie,100030072-Pine,$22.0,$0,Pine,['One Size'],"['Shallow fit', 'Fine knit rolled cuff', 'Embroidered felt patch', '100% Acrylic']","['https://cdn.shopify.com/s/files/1/0832/5243/products/100030072_PNE_1.jpg?v=1532997205', 'https://cdn.shopify.com/s/files/1/0832/5243/products/100030072_PNE_2.jpg?v=1532997205']",43,men,1,https://obeyclothing.com/products/obey-eighty-nine-beanie?variant=12428928679997
Eighty Nine Beanie,100030072-Black,$22.0,$0,Black,['One Size'],"['Shallow fit', 'Fine knit rolled cuff', 'Embroidered felt patch', '100% Acrylic']","['https://cdn.shopify.com/s/files/1/0832/5243/products/100030072_BLK_1.jpg?v=1532997205', 'https://cdn.shopify.com/s/files/1/0832/5243/products/100030072_BLK_2.jpg?v=1532997205']",43,men,1,https://obeyclothing.com/products/obey-eighty-nine-beanie?variant=41059408394
Eighty Nine Beanie,100030072-Heather Grey,$22.0,$0,Heather Grey,['One Size'],"['Shallow fit', 'Fine knit rolled cuff', 'Embroidered felt patch', '100% Acrylic']","['https://cdn.shopify.com/s/files/1/0832/5243/products/100030072_HEA_1.jpg?v=1532997205', 'https://cdn.shopify.com/s/files/1/0832/5243/products/100030072_HEA_2.jpg?v=1532997205']",43,men,1,https://obeyclothing.com/products/obey-eighty-nine-beanie?variant=41059408458
Eighty Nine Beanie,100030072-Navy,$22.0,$0,Navy,['One Size'],"['Shallow fit', 'Fine knit rolled cuff', 'Embroidered felt patch', '100% Acrylic']","['https://cdn.shopify.com/s/files/1/0832/5243/products/100030072_NVY_1.jpg?v=1532997205', 'https://cdn.shopify.com/s/files/1/0832/5243/products/100030072_NVY_2.jpg?v=1532997205']",43,men,1,https://obeyclothing.com/products/obey-eighty-nine-beanie?variant=445788815370
Ripped 6 Panel Snapback,100580077-Purple,$29.0,$0,Purple,['One Size'],"['Mid profile 6 panel hat', 'Brushed cotton twill', 'Direct embroidery', 'Plastic snap closure']","['https://cdn.shopify.com/s/files/1/0832/5243/products/100580077_PUR_1.jpg?v=1527177715', 'https://cdn.shopify.com/s/files/1/0832/5243/products/100580077_PUR_2.jpg?v=1527177715']",44,men,1,https://obeyclothing.com/products/obey-ripped-6-panel-snapback-hat?variant=41059405706
Cutty 6 Panel Snapback,100580074-Bone Brown,$29.0,$0,Bone Brown,['One Size'],"['Mid profile 6 panel hat', 'Brushed cotton twill', 'Direct embroidery', 'Removable pinback button', 'Plastic snap closure', '100% Cotton']","['https://cdn.shopify.com/s/files/1/0832/5243/products/OBEY_Cutty_6_Panel_Snapback_Pale_Yellow_100580074_YEL_1.jpg?v=1527177687', 'https://cdn.shopify.com/s/files/1/0832/5243/products/OBEY_Cutty_6_Panel_Snapback_Pale_Yellow_100580074_YEL_2.jpg?v=1527177687']",45,men,1,https://obeyclothing.com/products/obey-cutty-6-panel-snapback-hat?variant=41059405194
Cutty 6 Panel Snapback,100580074-Pale Yellow,$29.0,$0,Pale Yellow,['One Size'],"['Mid profile 6 panel hat', 'Brushed cotton twill', 'Direct embroidery', 'Removable pinback button', 'Plastic snap closure', '100% Cotton']","['https://cdn.shopify.com/s/files/1/0832/5243/products/100580074_EGG_1.jpg?v=1527177687', 'https://cdn.shopify.com/s/files/1/0832/5243/products/100580074_EGG_2.jpg?v=1527177687']",45,men,1,https://obeyclothing.com/products/obey-cutty-6-panel-snapback-hat?variant=2045352214538
Cutty 6 Panel Snapback,100580074-Dusty Blue,$29.0,$0,Dusty Blue,['One Size'],"['Mid profile 6 panel hat', 'Brushed cotton twill', 'Direct embroidery', 'Removable pinback button', 'Plastic snap closure', '100% Cotton']","['https://cdn.shopify.com/s/files/1/0832/5243/products/100580074_BON_1.jpg?v=1527177687', 'https://cdn.shopify.com/s/files/1/0832/5243/products/100580074_BON_2.jpg?v=1527177687']",45,men,1,https://obeyclothing.com/products/obey-cutty-6-panel-snapback-hat?variant=2045347921930
Jumble Bar III 6 Panel,100580071-Orange,$31.0,$0,Orange,['One Size'],"['Low profile 6 panel hat', 'Peached cotton twill', 'Direct embroidery', 'Removable pinback button', 'Self slider fabric closure', '100% Cotton']","['https://cdn.shopify.com/s/files/1/0832/5243/products/100580071_ORG_1.jpg?v=1539212990', 'https://cdn.shopify.com/s/files/1/0832/5243/products/100580071_ORG_2.jpg?v=1539212990']",46,men,1,https://obeyclothing.com/products/obey-jumble-bar-iii-6-panel-hat?variant=49985123850
Jumble Bar III 6 Panel,100580071-Army,$31.0,$0,Army,['One Size'],"['Low profile 6 panel hat', 'Peached cotton twill', 'Direct embroidery', 'Removable pinback button', 'Self slider fabric closure', '100% Cotton']","['https://cdn.shopify.com/s/files/1/0832/5243/products/100580071_ARM_1.jpg?v=1539212990', 'https://cdn.shopify.com/s/files/1/0832/5243/products/100580071_ARM_2.jpg?v=1539212990']",46,men,1,https://obeyclothing.com/products/obey-jumble-bar-iii-6-panel-hat?variant=41059404426
Jumble Bar III 6 Panel,100580071-Rust,$31.0,$0,Rust,['One Size'],"['Low profile 6 panel hat', 'Peached cotton twill', 'Direct embroidery', 'Removable pinback button', 'Self slider fabric closure', '100% Cotton']","['https://cdn.shopify.com/s/files/1/0832/5243/products/100580071_RST_1.jpg?v=1539212990', 'https://cdn.shopify.com/s/files/1/0832/5243/products/100580071_RST_2.jpg?v=1539212990']",46,men,1,https://obeyclothing.com/products/obey-jumble-bar-iii-6-panel-hat?variant=41059404746
Jumble Bar III 6 Panel,100580071-Dark Forest,$31.0,$0,Dark Forest,['One Size'],"['Low profile 6 panel hat', 'Peached cotton twill', 'Direct embroidery', 'Removable pinback button', 'Self slider fabric closure', '100% Cotton']","['https://cdn.shopify.com/s/files/1/0832/5243/products/100580071_FOR_1.jpg?v=1539213032', 'https://cdn.shopify.com/s/files/1/0832/5243/products/100580071_FOR_2.jpg?v=1539213039']",46,men,1,https://obeyclothing.com/products/obey-jumble-bar-iii-6-panel-hat?variant=13034256433213
Fubar 6 Panel Snapback,100580060-Black,$29.0,$0,Black,['One Size'],"['Low profile fit', 'Brushed cotton twill 6 panel hat', 'Embroidered Fubar graphic', 'Plastic snap closure', '100% Cotton']","['https://cdn.shopify.com/s/files/1/0832/5243/products/100580060_BLK_1-2.jpg?v=1506014992', 'https://cdn.shopify.com/s/files/1/0832/5243/products/100580060_BLK_2-2.jpg?v=1506015001']",47,men,1,https://obeyclothing.com/products/fubar-6-panel-snapback-hat?variant=39256619978
Repetition II Snapback,100570046-Lilac,$29.0,$0,Lilac,['One Size'],"['Unstructured mid profile fit', 'Cotton twill\xa0snapback', 'Direct embroidery', 'Plastic snap closure', '100% Cotton']","['https://cdn.shopify.com/s/files/1/0832/5243/products/100570046_LIL_1.jpg?v=1527177600', 'https://cdn.shopify.com/s/files/1/0832/5243/products/100570046_LIL_2.jpg?v=1527177600']",48,men,1,https://obeyclothing.com/products/repetition-ii-unstructured-snapback-hat?variant=39256618634
Repetition II Snapback,100570046-Pink,$29.0,$0,Pink,['One Size'],"['Unstructured mid profile fit', 'Cotton twill\xa0snapback', 'Direct embroidery', 'Plastic snap closure', '100% Cotton']","['https://cdn.shopify.com/s/files/1/0832/5243/products/100570046_BER_1.jpg?v=1527177600', 'https://cdn.shopify.com/s/files/1/0832/5243/products/100570046_BER_2.jpg?v=1527177600']",48,men,1,https://obeyclothing.com/products/repetition-ii-unstructured-snapback-hat?variant=39256618698
Jumble Bar Hat,100580011-Gold,$29.0,$0,Gold,['One Size'],"['Extra low profile fit', 'Unstructured 6 panel hat with curved visor, enzyme wash twill\xa0', 'OBEY original embroidery', 'Self compression closure with brass clip', 'OBEY flag label at side', '100% Cotton']","['https://cdn.shopify.com/s/files/1/0832/5243/products/100580027S_GLD_1.jpg?v=1527177531', 'https://cdn.shopify.com/s/files/1/0832/5243/products/100580027S_GLD_2.jpg?v=1527177531']",49,men,1,https://obeyclothing.com/products/jumble-bar-hat?variant=38168175178
Jumble Bar Hat,100580011-Maroon,$29.0,$0,Maroon,['One Size'],"['Extra low profile fit', 'Unstructured 6 panel hat with curved visor, enzyme wash twill\xa0', 'OBEY original embroidery', 'Self compression closure with brass clip', 'OBEY flag label at side', '100% Cotton']","['https://cdn.shopify.com/s/files/1/0832/5243/products/100580027S_GRN_1.jpg?v=1527177531', 'https://cdn.shopify.com/s/files/1/0832/5243/products/100580027S_GRN_2.jpg?v=1527177531']",49,men,1,https://obeyclothing.com/products/jumble-bar-hat?variant=38168198922
Betsy Beret,200540005-Black,$42.0,$0,Black,['One Size'],"['Classic beret in wool', 'Features custom OBEY embroidery at center front', '100% Wool']","['https://cdn.shopify.com/s/files/1/0832/5243/products/200540005_BLK_1_9497f372-3698-4924-8427-a0db99b80c4f.jpg?v=1534896600', 'https://cdn.shopify.com/s/files/1/0832/5243/products/200540005_BLK_3.jpg?v=1534896600', 'https://cdn.shopify.com/s/files/1/0832/5243/products/200540005_BLK_2_7d727973-b504-452f-bc86-4e65c06ae131.jpg?v=1534896600']",1,women,2,https://obeyclothing.com/products/obey-betsy-beret?variant=9051315863613
Betsy Beret,200540005-Mink,$42.0,$0,Mink,['One Size'],"['Classic beret in wool', 'Features custom OBEY embroidery at center front', '100% Wool']","['https://cdn.shopify.com/s/files/1/0832/5243/products/200540005_MIN_1_f03030be-7289-42cf-ba3b-275abfd16bdc.jpg?v=1534896618', 'https://cdn.shopify.com/s/files/1/0832/5243/products/200540005_MIN_2_089e2f8c-7b58-47cd-aa35-a7a00823296f.jpg?v=1534896611', 'https://cdn.shopify.com/s/files/1/0832/5243/products/200540005_MIN_3.jpg?v=1534896625']",1,women,2,https://obeyclothing.com/products/obey-betsy-beret?variant=9051315896381
Jaxon Hat,200140076-Dark Olive,$29.0,$0,Dark Olive,['One Size'],"['Classic sherman style hat', 'Wax coated canvas', 'OBEY shank and contrast bill', '100% Cotton']","['https://cdn.shopify.com/s/files/1/0832/5243/products/200140076_DOL_1.jpg?v=1504137885', 'https://cdn.shopify.com/s/files/1/0832/5243/products/200140076_DOL_3.jpg?v=1504137885']",2,women,2,https://obeyclothing.com/products/obey-jaxon-hat?variant=41059566218
Jaxon Hat,200140076-Denim,$29.0,$0,Denim,['One Size'],"['Classic sherman style hat', 'Wax coated canvas', 'OBEY shank and contrast bill', '100% Cotton']",['https://cdn.shopify.com/s/files/1/0832/5243/products/200140076_DEN_1.jpg?v=1504137894'],2,women,2,https://obeyclothing.com/products/obey-jaxon-hat?variant=48275201738
White Room Hat,200140116-Yellow,$26.0,$0,Yellow,['One Size'],"['Classic curved bill baseball hat in a medium weight corduroy', 'Features custom OBEY artwork at center front', '100% Polyester']","['https://cdn.shopify.com/s/files/1/0832/5243/products/200140116_YEL_1_ce830ee4-d177-4acb-8c5e-cbda8a9f1df4.jpg?v=1534877406', 'https://cdn.shopify.com/s/files/1/0832/5243/products/200140116_YEL_2_f54dac33-96d4-4a03-a6a3-50e38cd3f8c7.jpg?v=1534877410', 'https://cdn.shopify.com/s/files/1/0832/5243/products/200140116_YEL_3_92d42771-b681-412b-854d-1834d3d0d339.jpg?v=1534877417']",3,women,2,https://obeyclothing.com/products/obey-white-room-hat?variant=9051316256829
Scotty Hat,200140115-Black Multi,$26.0,$0,Black Multi,['One Size'],"['Classic baseball hat with adjustable self tab at back', 'Comes in a yarn-dyed herringbone with custom OBEY patch', '100% Polyester']","['https://cdn.shopify.com/s/files/1/0832/5243/products/200140115_BKM_1_1b8c0799-003a-4ca7-af81-d614a58f1087.jpg?v=1534877363', 'https://cdn.shopify.com/s/files/1/0832/5243/products/200140115_BKM_2_2.jpg?v=1534877368']",4,women,2,https://obeyclothing.com/products/obey-scotty-hat?variant=9051315929149
This Fight Hat,200140103-Lemon,$26.0,$0,Lemon,['One Size'],"['Unconstructed baseball hat with a retro fit', 'Nylon with custom embroidery', '100% Nylon']","['https://cdn.shopify.com/s/files/1/0832/5243/products/200140103_LEM_1.jpg?v=1524775087', 'https://cdn.shopify.com/s/files/1/0832/5243/products/200140103_LEM_2.jpg?v=1524775093']",5,women,2,https://obeyclothing.com/products/obey-this-fight-hat?variant=2935558471690
Clearwater Beanie,200030092-Sapphire Multi,$22.0,$0,Sapphire Multi,['One Size'],"['Classic shape beanie with pom-pom detail', 'Comes in a solid and camo jacquard with custom OBEY artwork', '100% Acrylic']","['https://cdn.shopify.com/s/files/1/0832/5243/products/200030092_SAP_1.jpg?v=1534877317', 'https://cdn.shopify.com/s/files/1/0832/5243/products/200030092_SAP_2_640700d9-41d1-4227-ab9a-28ae09278cbb.jpg?v=1534877321']",6,women,2,https://obeyclothing.com/products/obey-clearwater-beanie?variant=9051315830845
Green River Beanie,200030091-Black,$22.0,$0,Black,['One Size'],"['Beanie with custom OBEY embroidered artwork', 'Comes in a soft rib knit yarn', '100% Acrylic']","['https://cdn.shopify.com/s/files/1/0832/5243/products/200030091_BLK_1_f9748cb0-f0da-4b01-94a6-98e550322adb.jpg?v=1534877269', 'https://cdn.shopify.com/s/files/1/0832/5243/products/200030091_BLK_2_09431fef-6172-4b7a-98a9-5068edc0bba5.jpg?v=1534877275']",7,women,2,https://obeyclothing.com/products/obey-green-river-beanie?variant=9051315765309
Vernon Check Beanie,200030090-Orange Multi,$22.0,$0,Orange Multi,['One Size'],"['Our best-selling beanie is back in a checkered jacquard pattern', 'Comes with a custom OBEY label at center front', '100% Acrylic']","['https://cdn.shopify.com/s/files/1/0832/5243/products/200030090_OGM_1_ca9e9c42-a7ff-400f-9ceb-7cb09aca420d.jpg?v=1534877232', 'https://cdn.shopify.com/s/files/1/0832/5243/products/200030090_OGM_2_36536a09-3dee-41fc-bbd3-ba1a0b73f45b.jpg?v=1534877237']",8,women,2,https://obeyclothing.com/products/obey-vernon-check-beanie?variant=9051315732541
Cydney Beanie,200030089-Mink Multi,$22.0,$0,Mink Multi,['One Size'],"['Pom-pom beanie', 'Custom OBEY yarn-dyed stripe', 'Features tonal OBEY embroidery at fold', '100% Acrylic']","['https://cdn.shopify.com/s/files/1/0832/5243/products/200030089_MIN_1_c1f360c4-2732-466d-a806-c0e5f270ddea.jpg?v=1534877192', 'https://cdn.shopify.com/s/files/1/0832/5243/products/200030089_MIN_2_e54b0d14-524b-4d15-82a2-de726f782782.jpg?v=1534877197']",9,women,2,https://obeyclothing.com/products/obey-cydney-beanie?variant=9051315667005
Cydney Beanie,200030089-Rust Multi,$22.0,$0,Rust Multi,['One Size'],"['Pom-pom beanie', 'Custom OBEY yarn-dyed stripe', 'Features tonal OBEY embroidery at fold', '100% Acrylic']","['https://cdn.shopify.com/s/files/1/0832/5243/products/200030089_RST_1.jpg?v=1534877182', 'https://cdn.shopify.com/s/files/1/0832/5243/products/200030089_RST_2.jpg?v=1534877182']",9,women,2,https://obeyclothing.com/products/obey-cydney-beanie?variant=9051315699773
Briean Beanie,200030075-Black,$22.0,$0,Black,['One Size'],"['Fine knit gas station beanie with rolled cuff', 'Leather OBEY fashion label at center front', '100% Acrylic']","['https://cdn.shopify.com/s/files/1/0832/5243/products/200030075_BLK_1.jpg?v=1539646929', 'https://cdn.shopify.com/s/files/1/0832/5243/products/200030075_BLK_2.jpg?v=1539646935']",10,women,2,https://obeyclothing.com/products/obey-briean-beanie?variant=13067026530365
Briean Beanie,200030075-Cowhide,$22.0,$0,Cowhide,['One Size'],"['Fine knit gas station beanie with rolled cuff', 'Leather OBEY fashion label at center front', '100% Acrylic']","['https://cdn.shopify.com/s/files/1/0832/5243/products/200030075_DCRL_1.jpg?v=1539646949', 'https://cdn.shopify.com/s/files/1/0832/5243/products/200030075_DCRL_2.jpg?v=1539646954']",10,women,2,https://obeyclothing.com/products/obey-briean-beanie?variant=13067040587837
Briean Beanie,200030075-Dusty Coral,$22.0,$0,Dusty Coral,['One Size'],"['Fine knit gas station beanie with rolled cuff', 'Leather OBEY fashion label at center front', '100% Acrylic']","['https://cdn.shopify.com/s/files/1/0832/5243/products/200030075_COW_1.jpg?v=1539646962', 'https://cdn.shopify.com/s/files/1/0832/5243/products/200030075_COW_2.jpg?v=1539646976']",10,women,2,https://obeyclothing.com/products/obey-briean-beanie?variant=13067044847677
Briean Beanie,200030075-Dark Indigo,$22.0,$0,Dark Indigo,['One Size'],"['Fine knit gas station beanie with rolled cuff', 'Leather OBEY fashion label at center front', '100% Acrylic']","['https://cdn.shopify.com/s/files/1/0832/5243/products/200030075_CHP_1_7e170171-0955-4cfc-a720-cb966f057d37.jpg?v=1539646919', 'https://cdn.shopify.com/s/files/1/0832/5243/products/200030075_CHP_2_5616840b-ed73-4769-b32e-7040b20ef5cc.jpg?v=1539646919']",10,women,2,https://obeyclothing.com/products/obey-briean-beanie?variant=9051315601469
